random numbers
292
232
117
217
233
159
165
104
288
307
43
290
363
136
152
197
238
53
45
17
351
154
323
276
325
366
86
320
289
67
252
295
133
275
63
138
26
260
89
83
91
95
241
82
369
327
31
231
48
367
99
15
206
137
14
294
367
187
17
358
181
341
286
18
150
244
274
49
156
379
155
303
20
310
331
181
199
205
151
129
379
146
121
194
218
139
106
307
161
37
87
101
217
143
325
218
235
128
85
50
375
45
52
369
280
392
271
362
349
295
4
386
183
186
239
348
358
390
230
236
193
11
382
176
349
260
381
90
337
124
264
178
248
35
296
382
301
254
129
12
64
24
340
195
226
41
320
57
310
182
372
290
217
131
109
16
175
358
303
104
82
387
118
242
142
188
190
130
31
205
222
147
151
224
82
303
150
1
58
288
308
36
205
144
323
372
275
221
108
231
136
362
252
364
24
393
95
378
116
273
294
